20226735
20699029
21621462
21596621
21447229
21447215
23182196
23134746
22258441
24079874
23515047
25230595
25035291
25096041
25862517
25890910
26065599
26968359
27344114
27397040
28687376
29031778
30169185
29395269
29508762
29650363
30084374
30337220
30348537
29650493
30342875
29519262
30570921
30020568
30630772
31221620
31267970
31345626
31838009
30685489
31371228
31283131
31926805
32203696
32359403
33152277
33301740
33316218
33357483
33936462
33765422
33662297
34000245
34111421
34048685
34224671
34270924
34197746
34767759
33515500
34822762
36098027
35490691
35934006
35483383
36055309
36174633
35952707
36400101
36493793
35561739
35779544
36496303
35309711
35899728
36966784
36990615
37329889
37708912
37717583
37844598
37952541
38081200
38040000
37914482
37922925
37003274
38175560
36928646
37823867
38346438
38423054
38703784
38701815
38640941
41138738
40112851
40609575
40744027
40609580
40945523
40921169
41308680
41449145
41449147
41449160
41061719
40992879
40310280
40433732
42309108
42372745
42372741
42419336
42372742
42633754
42372743
42727592
42716079
41662856
41887239
42202843
