20226735
21621462
21596621
23182196
24079874
25230595
25035291
26968359
27397040
30169185
29508762
29650363
30084374
30337220
30348537
30342875
30630772
31221620
31267970
31345626
31371228
31926805
32203696
33152277
33301740
33316218
33357483
33765422
33662297
34000245
34111421
34224671
34197746
33515500
36098027
35490691
35934006
36055309
36493793
35779544
36496303
35309711
36966784
37708912
37717583
37844598
37952541
38081200
38040000
37914482
37922925
37003274
38346438
38423054
38701815
38640941
40112851
40609575
40609580
40945523
40921169
41308680
41449145
41449147
41449160
41061719
42309108
42372745
42372741
42419336
42372742
42633754
42372743
41662856
41887239
42202843
