19771571
20045328
20047087
20047995
20060365
20063095
20064707
20068109
20075988
20080311
20083225
20089324
20101220
20107159
20116116
20117290
20145293
20146571
20151405
20154722
20167596
20167819
20172711
20175610
20181476
20181724
20182713
20182722
20189747
20189770
20197602
20197766
20198719
20204493
20210526
20215047
20226735
20230089
20230249
20230613
20232224
20237318
20302291
20303179
20303681
20308542
20308656
20334942
20336085
20336644
20336645
20346528
20348240
20348556
20349059
20350610
20353582
20357763
20358468
20360563
20362385
20379221
20381334
20394737
20395337
20395960
20396956
20400293
20402739
20404005
20405517
20406480
20429731
20434555
20439339
20443067
20444253
20445578
20449766
20451274
20471247
20483740
20488783
20489646
20492700
20494931
20494936
20495364
20498710
20515729
20519343
20519944
20520775
20520800
20521231
20524627
20532890
20534147
20535148
20537408
20549647
20550679
20551164
20556632
20560949
20562315
20563533
20565758
20565904
20572009
20580111
20581863
20583997
20591821
20592014
20592250
20595447
20598491
20598756
20598844
20598845
20599339
20609496
20616701
20617389
20620013
20624283
20628513
20632573
20637086
20645004
20646291
20647772
20658357
20660833
20664589
20665481
20677220
20679696
20679701
20680029
20682852
20686507
20690113
20699029
20700063
20700145
20705356
20708219
20709950
20722621
20734152
20735400
20735817
20803284
20811726
20812290
20820870
20820927
20821375
20821376
20831084
20837694
20843486
20843490
20843492
20847938
20852944
20855877
20859285
20861144
20870721
20877628
20878869
20890917
20921336
20924073
20925135
20929965
20930100
20934713
20936529
20942901
20951312
20951317
20956472
20957627
20958291
20960050
20966539
20966546
20971820
20976069
20978321
20978322
20978508
20980354
21047589
21051650
21059229
21059896
21062987
21070639
21070656
21072753
21076391
21078816
21079037
21080086
21083421
21087467
21087614
21092273
21093253
21099329
21102428
21109688
21114486
21114847
21118153
21118481
21118564
21118973
21123121
21123521
21128281
21129482
21134270
21135055
21138561
21149575
21151101
21152103
21153885
21155715
21158709
21160525
21169066
21171083
21178235
21182842
21184732
21185397
21207120
21217777
21222025
21226972
21227751
21243500
21251094
21256610
21257206
21269793
21272366
21272606
21280138
21283726
21286804
21295956
21297974
21298753
21299305
21304268
21307168
21309036
21309037
21316181
21316603
21317462
21320319
21321272
21323951
21326899
21357745
21362582
21384469
21389097
21389098
21392896
21404276
21406470
21406920
21410767
21410979
21423217
21427728
21429738
21430696
21431398
21431918
21439311
21441877
21444177
21444867
21445088
21447215
21447229
21448135
21448904
21449677
21457344
21458947
21459846
21464531
21472373
21477600
21478908
21479851
21480710
21484776
21487429
21489977
21497620
21499801
21501023
21506133
21533850
21538680
21540493
21541195
21543761
21549441
21556821
21569373
21569779
21570154
21570156
21570484
21584933
21587233
21596621
21596841
21597324
21615078
21621462
21625996
21628480
21630057
21641967
21643802
21647227
21664059
21664711
21664896
21665307
21670973
21671305
21680036
21680037
21680258
21681925
21684708
21688913
21690233
21690556
21695175
21699202
21704403
21713580
21714121
21719133
21722706
21722982
21726894
21730354
21735458
21738768
21741599
21747168
21748686
21748693
21750109
21750202
21755595
21760611
21764559
21765211
21767389
21771875
21782272
21787267
21791472
21795040
21795498
21795655
21814739
21822215
21824421
21826558
21828122
21828909
21829708
21830092
21830111
21840117
21850230
21852249
21855610
21856119
21857942
21860431
21866313
21871081
21872953
21873975
21874304
21878427
21879244
21885922
21897840
21898382
21899969
21906208
21907437
21909423
21910853
21913038
21913875
21915857
21924601
21931323
21947560
21947776
21948810
21949683
21955527
21958378
21963880
21966275
21966393
21967977
21979794
21987038
21990576
21993834
21997120
22000002
22001104
22002538
22002750
22009144
22014269
22022354
22027222
22027593
22028901
22030015
22033276
22033675
22033976
22034077
22036214
22039282
22047383
22050863
22053997
22054056
22056143
22058201
22058207
22058214
22062356
22062805
22067707
22068306
22071783
22072706
22074987
22100658
22105017
22112778
22112972
22116347
22119939
22122798
22127763
22135283
22137333
22141413
22141598
22141750
22143498
22146830
22149129
22149997
22156611
22157366
22166948
22169462
22171697
22171710
22176642
22176868
22188177
22190971
22193882
22193989
22195035
22195557
22197085
22201162
22203052
22203238
22203768
22205104
22210087
22212761
22213050
22213273
22215937
22219065
22232210
22234694
22234959
22238599
22239668
22241101
22241912
22244819
22244907
22246194
22246997
22251610
22257486
22257792
22258441
22265733
22268669
22269446
22270164
22271535
22271750
22272265
22280212
22284761
22289983
22292074
22294517
22295114
22317953
22321988
22323184
22326037
22331519
22331808
22332652
22335919
22340452
22347456
22348134
22348646
22353998
22355400
22356866
22357621
22359517
22361014
22363428
22365640
22366264
22370602
22371884
22374843
22383279
22391091
22392642
22394647
22396055
22404905
22406029
22407858
22414096
22415412
22431981
22432738
22433952
22442350
22448597
22449778
22452663
22454054
22465739
22482013
22489893
22492310
22493169
22496204
22498253
22505453
22506075
22509308
22520016
22526616
22527252
22531355
22535639
22548058
22549727
22552404
22553244
22555600
22563087
22563374
22566838
22567135
22568482
22569956
22570253
22573405
22574128
22582387
22585543
22592158
22596236
22611413
22613623
22613795
22613849
22617713
22618522
22618718
22623987
22627027
22638756
22647967
22652627
22655185
22658485
22662240
22684521
22687887
22690876
22693459
22693659
22701168
22704532
22704950
22708881
22709888
22710731
22712888
22713658
22713665
22723843
22727433
22728587
22732145
22732840
22733234
22733991
22745216
22745693
22770878
22771246
22774232
22777695
22777929
22778137
22778927
22790312
22796548
22808081
22809210
22809238
22812517
22822016
22833503
22836879
22844587
22848747
22850554
22854024
22863533
22868198
22871556
22875003
22879081
22879515
22879957
22887764
22894505
22896599
22898774
22903062
22903385
22905287
22907427
22910036
22917040
22918414
22926087
22928913
22929981
22935904
22937135
22939692
22944363
22951984
22952342
22954184
22956884
22956953
22959185
22965535
22967727
22969042
22975380
22982580
22985118
22985521
22986088
22986952
22997027
23001604
23009555
23010652
23012408
23014797
23018867
23022467
23022664
23022998
23026398
23028879
23029021
23031619
23034402
23041051
23045278
23045575
23046567
23047822
23059747
23061794
23069371
23071514
23074162
23079597
23079962
23081995
23084960
23089459
23093717
23095137
23099853
23101478
23103855
23104738
23108451
23109296
23113593
23114847
23118221
23127286
23127773
23131388
23132417
23132835
23134746
23135403
23136227
23142522
23143801
23153683
23157978
23165123
23165899
23174333
23175431
23176198
23176702
23180472
23180474
23181734
23182196
23185333
23190883
23193960
23202969
23209645
23209805
23219483
23224779
23225641
23235489
23236172
23251804
23254892
23256798
23257781
23260444
23263290
23263739
23264078
23265853
23266527
23271691
23276911
23278580
23284703
23284750
23292999
23296468
23300075
23305962
23306026
23307118
23313060
23315768
23318432
23322202
23325358
23327348
23328310
23329478
23335219
23338211
23338761
23346186
23349703
23358095
23364954
23375342
23376456
23382701
23383274
23384121
23390204
23391167
23394741
23402380
23403504
23409019
23412359
23414819
23415961
23419151
23420352
23425685
23426176
23429740
23433778
23436697
23437833
23440295
23440329
23441961
23443319
23453541
23458664
23458761
23473598
23475759
23478237
23481268
23485478
23491820
23492953
23500532
23506259
23508102
23508792
23515047
23523316
23527854
23528254
23531719
23532114
23536053
23540650
23541566
23544012
23544102
23545365
23546993
23548926
23556452
23557172
23561647
23566921
23569217
23571146
23571182
23578315
23579241
23589866
23598304
23600904
23601657
23611284
23612450
23613934
23623727
23626745
23627498
23628112
23628807
23628848
23633265
23635261
23640114
23647753
23652375
23666266
23690930
23696831
23701184
23703746
23707383
23711184
23728609
23733528
23738014
23739489
23742033
23747338
23751135
23758334
23760860
23761200
23761824
23769181
23775127
23775951
23784843
23785411
23787039
23792458
23794086
23800669
23802703
23809763
23817886
23824561
23825568
23826690
23832113
23835434
23840486
23845716
23849167
23849170
23859888
23860534
23861444
23863718
23873096
23876595
23876833
23878283
23887083
23889978
23891088
23891351
23893393
23896377
23897584
23907772
23908684
23909401
23922012
23922104
23933760
23942184
23946330
23950954
23951472
23955079
23958920
23972905
23973267
23974105
23990022
23992111
23993399
23993863
23996531
24004815
24007820
24009715
24011936
24012110
24013638
24013661
24018021
24021348
24026634
24034173
24035313
24035355
24039962
24040301
24041257
24043743
24044790
24044794
24044795
24044806
24051219
24055153
24056879
24059677
24069241
24073206
24073292
24075800
24079874
24084745
24086249
24086695
24089933
24091645
24096079
24112045
24112514
24113912
24114857
24116203
24118314
24120180
24120275
24123482
24127556
24129668
24130821
24131224
24131890
24139327
24147085
24161569
24169583
24176224
24184682
24192080
24192305
24194179
24197659
24201973
24206539
24227199
24232054
24238639
24240645
24241165
24241493
24242184
24262585
24271158
24278264
24280999
24282405
24290981
24303063
24309199
24310955
24315751
24318593
24324467
24333696
24334255
24335351
24344183
24346241
24347430
24348481
24350795
24355609
24361228
24367671
24371571
24375389
24376558
24381068
24392267
24392691
24398672
24401838
24404135
24413154
24415730
24418598
24423922
24428912
24434433
24436106
24441149
24443031
24443115
24446026
24447333
24454818
24455109
24462984
24466121
24467861
24469325
24472151
24488656
24500709
24505270
24508038
24509519
24518121
24529041
24529927
24530695
24531002
24531445
24548884
24554572
24556061
24560765
24571565
24576124
24582455
24585721
24586047
24587176
24607555
24607556
24610383
24615411
24619907
24625525
24628822
24631148
24642896
24644775
24647464
24649895
24657035
24657533
24659477
24667297
24667714
24682005
24693855
24697337
24698998
24699230
24700751
24702126
24703243
24703900
24704720
24706657
24708803
24713277
24721108
24725344
24726142
24726325
24730468
24732702
24736318
24736461
24740811
24743323
24743384
24746569
24748130
24748424
24755470
24758251
24762438
24763403
24764155
24764162
24767310
24771049
24777618
24782868
24789418
24794401
24803719
24807105
24809783
24813384
24814358
24819123
24820429
24825069
24829951
24832153
24840245
24841870
24846083
24854991
24861697
24866923
24869787
24870719
24880661
24885354
24885861
24887359
24887515
24888628
24891136
24892406
24894091
24894481
24896332
24902685
24906384
24910976
24915850
24918820
24921911
24927790
24929070
24929166
24937182
24937677
24943594
24947018
24960417
24962064
24972545
24978482
24989069
24990615
24991747
24997850
25015425
25016325
25019625
25025374
25025583
25026312
25027745
25028367
25035291
25037859
25038326
25038918
25043574
25045881
25047134
25047538
25049325
25051098
25056669
25060825
25065357
25065733
25073440
25080865
25096041
25106088
25106659
25110953
25111761
25116857
25124160
25129126
25130962
25131265
25136919
25138101
25139823
25141862
25141981
25143293
25145671
25146914
25150214
25150812
25154297
25154624
25157026
25158828
25164039
25165603
25168388
25173947
25178265
25179578
25180234
25181405
25184444
25187534
25205303
25209657
25219898
25226812
25230595
25236618
25239057
25241994
25242326
25245118
25247809
25248036
25248115
25249682
25252911
25259711
25262163
25263666
25264976
25266598
25267198
25275108
25275602
25281491
25281766
25282075
25285989
25295016
25307407
25308895
25315710
25317540
25319103
25323475
25323601
25333343
25344861
25345693
25349192
25349211
25349296
25349972
25351418
25368310
25368311
25368316
25369457
25370038
25371178
25371407
25372624
25372710
25373777
25379679
25386389
25387467
25390939
25393365
25394515
25404403
25410383
25413103
25417732
25423885
25431236
25431271
25438712
25443497
25445214
25445215
25452435
25454979
25455596
25455796
25456132
25456999
25457014
25457246
25457496
25465731
25466368
25466585
25471174
25472748
25473002
25474249
25479825
25480501
25480874
25483834
25487358
25492510
25497904
25502142
25503801
25505230
25505254
25511669
25515853
25516211
25524887
25529578
25531551
25533181
25534376
25538140
25541370
25541458
25549530
25551557
25556355
25560731
25564178
25572007
25575241
25577604
25582120
25590623
25591819
25592037
25594539
25595268
25612795
25614166
25614924
25621299
25636761
25638246
25646756
25648936
25648995
25652490
25655219
25656847
25663076
25663546
25663579
25663615
25670054
25672893
25673052
25677122
25677218
25680762
25680955
25685667
25688100
25691675
25700605
25701298
25703250
25703856
25706578
25708744
25712196
25713164
25720322
25720744
25724080
25734331
25739518
25744969
25746350
25749983
25751624
25754526
25756497
25761088
25761736
25764012
25764247
25772228
25772630
25774796
25778535
25779723
25785540
25791069
25793396
25795131
25796583
25800938
25811796
25815479
25816289
25818658
25820276
25822058
25823661
25830658
25831053
25833790
25835727
25836589
25836764
25838279
25838375
25841351
25844311
25847025
25849327
25849371
25849406
25852742
25853214
25854581
25855707
25856013
25857409
25857549
25858161
25858440
25861031
25862517
25864408
25865256
25866768
25867656
25868485
25868517
25868729
25871737
25876157
25884187
25884448
25885805
25887352
25888480
25889974
25890910
25892333
25892863
25894007
25894595
25895028
25895046
25895133
25895578
25896935
25897556
25899064
25900897
25905452
25910416
25917957
25919761
25920057
25920521
25925750
25926003
25927495
25927976
25933729
25934439
25935742
25940428
25943574
25949866
25950124
25950384
25952033
25953059
25956208
25958056
25959111
25962792
25963656
25965993
25968807
25969132
25970666
25971717
25975211
25975837
25977758
25979040
25979055
25980321
25981052
25982691
25985960
25986294
25986872
25990073
25995102
26001120
26002304
26010159
26011226
26012700
26022706
26025139
26025810
26028364
26029921
26034615
26038996
26041268
26042933
26044908
26046462
26049688
26050790
26051219
26060063
26065599
26066796
26067997
26068067
26069100
26079602
26091408
26091705
26092320
26093909
26095702
26104750
26105199
26106142
26108168
26108737
26110232
26110652
26110901
26115976
26117723
26121676
26122357
26122370
26123742
26130650
26133967
26136164
26138042
26138058
26138515
26140733
26159248
26162567
26164772
26172302
26173977
26174629
26175345
26180546
26180924
26181166
26183063
26183645
26185170
26194878
26196012
26196252
26202788
26202925
26203967
26215568
26216383
26220992
26222012
26223311
26228433
26231222
26232512
26237738
26238010
26240978
26240979
26242464
26242487
26242987
26245485
26251068
26251342
26253203
26253950
26255864
26258749
26259754
26260318
26265346
26269406
26275031
26277099
26279295
26282129
26284336
26286115
26286255
26288840
26289022
26289642
26291246
26299617
26305499
26306678
26307504
26308665
26313260
26315454
26317243
26317411
26317507
26317579
26320409
26320608
26321372
26321750
26323530
26324018
26330329
26332723
26334096
26335105
26335404
26338274
26343186
26345182
26347109
26347114
26347496
26348315
26349910
26350367
26350824
26354892
26354927
26355282
26358087
26358404
26358709
26359553
26360411
26361646
26368812
26369829
26375816
26376871
26378247
26381532
26383087
26383847
26387944
26388292
26389156
26391667
26399406
26403320
26406287
26409830
26412011
26412245
26412398
26418005
26421814
26421816
26421820
26421822
26421825
26421827
26426971
26428396
26433905
26433962
26436619
26437024
26437853
26440567
26442100
26442924
26445887
26446093
26447542
26451295
26472283
26473525
26475250
26482577
26483423
26485224
26488617
26492349
26498768
26500653
26501807
26503897
26509236
26515383
26515411
26519944
26520125
26523246
26523366
26527677
26529313
26530748
26538417
26541825
26547059
26551585
26552841
26554650
26559995
26560441
26560707
26560732
26563178
26568774
26573019
26573075
26576560
26576679
26578730
26580203
26581899
26583684
26586548
26589973
26590592
26597204
26598692
26602438
26603485
26605924
26606249
26607950
26608635
26614438
26617243
26620817
26621158
26621531
26621779
26629855
26634561
26636036
26637364
26637693
26640151
26641072
26643553
26648449
26650195
26651448
26657294
26660432
26662714
26674097
26681308
26685773
26686250
26687117
26687912
26692910
26694846
26694962
26694991
26695447
26696404
26697407
26699166
26700119
26700225
26700602
26700636
26700710
26701877
26705102
26705428
26707593
26707958
26708508
26711175
26711791
26714788
26715295
26716438
26716838
26722377
26724906
26727917
26728144
26728620
26732757
26738606
26740556
26740622
26743472
26743835
26744212
26751771
26757424
26762381
26762572
26766588
26768422
26768848
26769345
26773741
26774327
26784543
26784544
26785999
26795767
26796069
26796600
26797757
26804486
26805558
26811081
26820652
26821859
26825391
26827697
26829458
26829933
26830315
26831185
26833044
26836010
26841866
26842528
26852412
26856728
26857456
26857779
26857888
26858164
26859356
26860465
26861670
26861738
26868027
26870794
26873397
26874737
26878397
26880076
26882548
26882902
26884359
26887347
26889827
26892160
26892604
26893169
26897517
26898838
26899388
26901136
26901613
26903596
26906743
26908432
26909367
26911406
26914273
26917229
26921784
26931115
26932137
26934538
26935137
26936917
26939653
26941238
26943581
26945566
26945759
26946316
26951131
26951660
26955809
26958599
26958999
26961734
26961930
26962367
26964570
26966982
26967735
26968237
26968359
26968397
26968422
26968571
26971299
26972008
26973207
26975241
26980946
26981351
26982889
26984534
26988800
26989049
26992436
26993417
26993499
26995005
26995276
26997556
27006490
27012988
27013409
27013474
27014565
27020580
27020586
27020860
27027530
27028128
27030549
27030990
27035620
27036566
27037200
27038013
27042816
27044044
27055870
27055946
27056074
27057096
27059658
27059859
27060000
27061790
27062369
27064691
27066453
27068764
27068817
27074010
27074363
27074375
27075325
27075448
27075584
27075626
27087004
27090157
27091348
27093190
27097810
27098100
27098181
27103232
27103421
27107791
27108291
27109510
27113597
27115570
27115731
27118538
27119101
27121869
27123958
27125965
27126004
27128581
27128782
27129680
27130234
27131084
27132465
27139126
27142862
27145308
27145371
27146392
27146432
27149444
27153100
27157320
27160390
27165185
27167628
27170100
27171126
27171398
27172896
27178711
27179587
27180183
27194552
27196666
27197147
27197179
27202176
27202179
27202183
27202372
27202375
27202415
27203748
27212474
27218469
27221051
27225531
27229709
27233137
27233141
27233470
27234642
27235755
27241676
27245448
27246457
27246460
27246599
27247055
27250336
27251135
27252651
27265036
27266677
27267993
27269948
27270309
27270648
27273338
27277059
27277847
27278367
27279102
27282775
27292189
27299663
27299664
27300758
27312006
27313145
27317220
27318479
27320919
27322137
27322917
27323406
27328932
27334217
27339671
27342618
27342911
27343714
27344057
27344114
27350784
27352134
27355964
27357813
27358489
27362483
27363282
27373156
27373969
27374095
27376129
27377396
27381283
27385266
27386115
27391801
27392550
27393617
27397040
27401926
27402209
27404454
27409834
27411687
27415009
27418340
27418442
27419042
27420382
27421135
27424772
27425830
27429034
27432432
27439975
27443633
27444925
27446091
27454287
27454291
27456381
27457709
27459855
27460417
27462432
27472837
27474442
27476772
27477511
27480883
27484705
27485256
27490807
27491835
27492158
27492458
27496633
27497072
27497343
27497831
27499890
27499923
27501435
27502561
27502744
27507634
27508402
27511830
27513947
27514397
27518850
27524621
27525713
27528217
27530779
27531524
27531872
27534944
27535748
27536891
27537540
27549909
27550455
27550526
27554525
27557507
27560599
27565789
27565939
27570116
27571246
27573427
27583771
27585122
27585790
27587341
27588400
27590006
27590600
27594614
27596937
27598210
27598946
27599043
27599608
27600027
27600280
27600471
27601076
27601442
27602925
27604230
27609703
27610595
27612561
27615021
27617402
27619152
27619514
27624164
27626671
27628132
27633774
27634549
27638364
27638672
27640076
27645803
27647774
27650011
27651837
27653309
27654343
27656185
27657652
27659548
27663961
27665195
27670374
27671693
27671746
27672215
27676437
27677098
27689316
27689397
27693046
27696382
27699874
27702988
27704530
27709278
27716132
27721057
27725792
27726215
27726229
27728803
27730424
27732698
27738327
27739244
27741129
27742075
27742654
27744512
27744728
27750045
27752147
27753122
27755534
27756074
27756439
27756521
27760757
27761367
27764126
27765068
27766636
27773445
27773926
27775078
27776041
27781154
27782702
27782717
27783105
27783559
27787681
27788210
27792995
27796716
27802061
27807665
27811505
27811508
27812787
27814469
27814471
27815543
27815868
27819292
27823879
27830396
27832174
27837029
27842504
27845421
27845624
27846620
27847286
27847783
27854284
27860066
27861460
27868012
27870918
27872151
27873144
27879985
27880932
27884182
27885679
27885864
27887581
27887657
27894077
27895918
27897432
27906047
27907901
27909217
27915433
27922451
27923582
27931752
27931830
27933272
27939686
27939984
27940297
27943018
27943422
27957730
27959889
27965472
27981025
27981090
27981298
27988444
27993547
27993790
27995821
27997540
27999416
27999982
28000308
28001468
28004162
28004812
28006694
28012087
28012713
28012793
28013056
28013246
28019005
28024265
28025855
28027446
28028012
28028233
28029405
28029569
28030784
28030796
28033342
28033529
28039927
28040478
28041600
28050144
28052042
28053020
28060891
28062545
28063195
28068157
28072768
28073150
28073370
28073773
28074274
28075228
28077017
28082983
28083923
28084140
28087249
28088688
28093023
28094850
28095276
28097452
28097802
28099933
28100096
28101337
28105449
28109000
28110960
28112793
28113287
28116479
28122958
28125730
28128455
28129237
28129746
28129884
28130405
28132393
28132847
28134624
28138868
28138891
28141868
28143884
28145099
28145423
28145789
28146134
28146470
28151967
28157644
28161786
28163708
28165611
28167798
28168444
28170030
28173852
28174275
28174520
28176813
28179588
28182277
28183801
28185027
28187725
28189913
28190000
28190252
28196946
28199470
28204639
28204963
28205044
28209166
28211130
28213782
28215732
28222307
28223043
28223694
28224447
28235396
28237866
28240357
28240985
28241208
28241771
28245166
28245794
28249642
28249655
28252445
28255344
28255355
28258062
28258414
28258642
28259450
28264824
28267750
28270604
28272215
28273452
28274272
28274936
28274951
28275933
28276741
28279480
28283195
28286287
28290072
28292785
28299719
28302340
28303381
28314877
28315175
28315523
28318489
28319256
28320338
28321692
28327089
28334025
28335780
28336186
28336746
28339311
28340339
28341494
28342903
28346084
28346442
28346508
28350995
28353020
28357569
28359832
28360948
28361267
28365833
28366575
28370155
28375667
28376175
28376189
28381220
28383633
28389735
28391539
28393131
28396947
28396993
28400620
28400846
28401257
28403873
28408005
28409278
28410178
28410490
28411283
28412586
28412587
28415003
28415738
28416744
28418026
28419234
28421240
28424071
28424422
28424888
28425306
28427225
28427373
28427716
28428267
28434519
28436922
28438198
28439653
28440572
28441380
28447222
28448241
28449703
28450731
28454583
28456748
28456909
28457194
28458119
28459994
28463757
28467784
28472929
28473106
28474282
28475295
28475897
28476109
28476219
28480325
28480610
28483499
28484589
28486612
28486750
28487053
28487417
28490338
28490421
28497388
28498624
28502472
28503822
28505401
28506693
28507022
28521078
28522157
28522159
28522855
28524415
28528189
28528350
28530013
28531214
28532439
28536413
28536886
28540779
28540813
28540821
28543364
28545416
28549419
28552255
28552797
28560238
28560601
28562590
28562636
28572122
28573461
28574821
28574866
28578833
28583146
28588274
28588320
28588610
28592523
28593462
28596592
28601826
28606972
28608305
28612337
28616845
28618147
28618304
28618897
28622790
28625628
28625635
28625647
28629339
28632252
28632726
28634676
28635083
28635265
28637876
28637878
28640891
28641578
28641989
28644540
28645564
28651586
28656490
28663407
28666001
28668073
28670784
28671504
28676212
28677011
28681478
28683323
28684528
28687170
28687376
28689091
28691043
28693404
28695301
28698999
28701584
28705099
28708236
28710544
28714471
28716720
28717416
28717854
28718971
28720227
28723307
28726638
28727771
28729358
28731408
28741487
28743794
28747076
28747380
28748346
28748443
28753741
28754367
28761001
28767696
28768162
28775172
28778026
28779098
28784134
28784438
28784947
28786008
28790025
28791679
28795426
28797581
28797700
28798133
28800616
28809862
28810146
28811271
28812579
28815471
28818705
28821557
28828891
28830270
28830646
28830827
28831696
28831737
28832964
28835353
28837522
28841556
28843292
28844015
28844347
28844574
28846388
28847715
28849762
28851692
28852913
28853217
28859371
28859646
28860339
28860340
28861665
28864618
28864947
28865261
28875470
28875981
28880937
28881104
28882867
28884470
28886337
28888722
28889367
28889809
28898461
28902391
28910695
28912133
28914485
28919022
28921488
28923078
28923310
28925392
28929359
28929433
28931333
28934637
28936558
28938116
28938534
28938535
28938638
28939180
28942098
28949453
28950049
28951245
28951988
28952147
28952653
28954302
28957395
28958985
28959257
28960400
28960542
28967560
28967897
28971996
28972594
28975656
28975736
28976026
28976610
28976960
28980445
28985505
28987003
28988017
29018052
29018912
29021992
29024185
29025074
29031778
29032839
29034349
29034756
29035014
29035593
29040512
29043464
29045509
29045843
29050367
29050954
29055907
29058594
29064040
29066209
29066502
29069762
29074190
29074354
29076310
29076568
29077260
29078115
29080963
29083197
29086085
29086111
29089870
29090133
29092013
29100191
29102167
29102263
29107860
29110848
29113662
29113675
29113722
29114875
29116004
29118260
29124329
29126798
29127529
29127596
29128583
29129391
29130212
29132061
29134472
29134609
29135471
29138205
29138222
29141232
29141947
29144553
29145037
29145750
29147930
29150442
29152107
29157662
29158237
29159744
29159866
29163799
29164375
29165710
29168062
29169995
29178534
29179135
29182755
29183989
29184443
29188483
29190319
29194562
29194719
29196240
29196606
29197680
29202445
29203233
29204933
29208355
29212806
29213358
29215148
29216302
29216857
29217356
29224828
29227736
29230548
29233904
29235007
29235043
29235103
29236238
29239733
29241893
29242737
29243393
29247063
29249600
29253011
29254907
29266661
29267323
29268139
29273212
29273807
29274928
29275105
29275860
29275865
29279097
29281161
29282273
29285874
29286377
29288190
29288559
29290917
29291271
29295995
29297513
29297781
29299511
29300866
29305587
29306176
29309367
29310605
29311336
29312936
29313938
29315403
29318591
29320626
29321006
29328867
29330337
29330417
29331622
29334922
29336704
29336835
29338685
29339439
29341165
29342165
29342393
29344951
29345531
29349795
29350274
29351736
29351919
29356219
29356983
29358224
29359983
29361206
29361911
29362119
29363506
29367755
29370205
29371278
29371402
29371927
29372364
29377763
29380191
29380489
29381685
29382643
29387884
29395269
29395684
29396493
29396730
29397379
29399388
29404835
29409469
29413051
29420636
29422902
29424538
29425499
29425504
29425513
29427216
29427732
29432615
29438443
29440148
29440296
29442210
29443052
29444459
29445914
29446198
29447193
29448935
29449047
29452858
29457887
29458784
29459661
29460995
29464063
29465744
29466257
29468568
29468712
29470692
29471587
29472931
29475787
29476290
29476772
29476781
29478739
29489886
29492735
29492969
29493121
29494598
29496035
29497144
29497910
29499836
29500586
29500635
29506487
29507396
29508762
29508905
29511906
29514197
29514738
29519262
29521943
29523427
29525755
29527514
29527675
29528262
29529454
29532245
29534845
29537887
29546343
29549292
29549329
29549330
29551177
29556334
29559553
29559562
29561051
29562192
29562599
29565326
29566002
29566179
29568254
29570224
29570711
29570794
29570984
29571082
29571288
29572380
29573105
29574584
29574967
29575685
29576348
29579478
29580293
29580437
29581109
29588449
29593296
29594204
29594225
29594821
29601269
29604063
29605500
29606284
29609554
29615384
29615433
29615840
29616301
29616852
29617445
29617794
29624635
29624807
29627136
29628873
29632207
29632737
29633110
29633514
29633761
29634490
29637577
29644004
29649250
29650363
29650493
29650547
29655625
29656077
29656321
29656759
29658446
29659371
29660423
29661218
29661918
29661971
29663137
29663363
29664995
29666991
29668827
29673909
29678303
29681460
29683186
29683231
29684521
29685880
29688847
29689237
29689640
29692415
29695722
29696234
29696442
29697282
29698469
29698556
29701881
29703498
29703719
29706640
29707134
29707301
29708168
29708592
29709378
29713958
29720220
29721165
29724495
29726589
29727326
29729078
29730729
29731160
29731961
29732482
29732557
29736010
29736038
29739638
29739897
29740687
29741436
29743721
29747544
29747628
29748571
29749270
29750749
29752253
29752528
29754780
29754815
29756245
29758558
29759113
29759558
29759590
29760405
29763967
29764836
29768208
29769103
29771683
29772837
29773646
29774524
29775805
29776381
29776444
29777062
29777418
29779918
29786092
29789176
29791913
29795445
29796615
29804829
29846879
29846880
29853607
29854012
29856760
29857789
29858031
29859650
29863491
29867960
29868480
29869097
29870874
29875199
29875471
29876759
29877575
29879375
29879968
29881607
29883454
29883814
29885745
29889193
29891525
29894693
29895664
29896201
29896477
29898405
29898406
29898745
29899740
29902202
29902984
29908037
29909413
29912607
29915359
29920845
29920909
29921693
29923188
29923613
29926160
29927013
29928486
29929481
29930083
29930741
29933706
29933924
29934053
29935111
29937415
29937543
29938401
29940786
29941944
29943179
29943181
29943994
29945149
29945941
29945986
29949776
29951828
29952681
29959575
29959577
29960770
29968252
29972720
29972771
29974981
29979793
29980531
29982673
29986097
29988080
29988341
29992568
29993174
29993539
29994062
29996591
29998375
30001166
30001834
30001892
30011060
30014458
30014972
30015998
30017381
30017478
30020493
30020568
30021555
30022005
30022349
30022460
30024978
30025943
30027426
30030697
30031728
30031970
30033230
30033607
30034797
30038325
30039313
30040589
30042967
30044650
30046941
30050535
30054106
30059817
30060049
30060899
30062440
30065254
30065996
30066053
30067531
30070030
30070932
30078506
30079796
30080726
30082116
30082177
30084111
30084374
30084674
30089580
30091459
30094352
30095162
30099534
30099659
30100160
30101525
30104204
30104275
30107136
30107986
30111590
30115694
30115740
30115874
30120542
30120908
30122526
30123220
30125761
30126372
30126408
30127440
30130606
30131236
30132386
30132789
30134598
30135837
30137419
30137431
30139880
30139926
30141066
30144205
30144511
30144661
30149200
30149225
30150158
30151560
30151914
30154339
30155893
30156280
30157426
30158143
30161022
30165384
30166626
30167937
30168256
30169185
30177776
30177840
30178024
30178900
30179828
30181323
30184135
30185523
30185545
30185585
30186282
30187334
30188015
30188739
30190301
30192375
30192384
30192802
30193579
30195642
30196134
30200906
30200910
30203048
30204006
30206072
30206728
30207076
30208936
30209039
30209402
30209602
30209681
30209752
30213454
30213940
30214315
30215142
30216838
30217294
30217297
30217785
30220107
30221063
30221065
30221551
30224275
30224343
30227299
30232220
30237309
30237798
30239791
30245692
30247065
30249221
30254262
30257202
30259973
30259976
30264632
30264642
30268922
30271400
30271574
30282813
30283331
30284823
30286417
30286710
30287812
30288352
30288356
30291219
30292430
30293933
30295094
30295518
30297773
30299508
30300028
30301780
30302772
30305118
30305724
30309702
30312457
30314830
30315231
30315624
30318786
30319894
30320421
30322449
30326245
30327236
30327564
30328539
30328621
30333006
30333213
30333957
30336360
30337220
30337563
30338563
30341095
30342494
30342875
30343998
30346076
30347337
30348537
30348892
30349879
30353030
30353244
30355585
30356126
30357537
30368776
30374078
30374817
30375906
30376857
30382692
30383818
30385823
30387028
30389936
30391444
30396659
30400784
30406123
30408064
30408122
30408568
30409150
30410679
30411781
30413523
30413837
30414252
30414346
30415585
30416504
30417047
30421016
30422207
30423155
30429006
30429595
30430454
30431219
30439627
30442100
30442190
30442766
30445363
30445772
30448046
30449495
30451365
30454859
30456450
30457686
30458234
30458807
30459153
30459163
30464211
30464699
30465060
30465182
30471668
30471826
30473782
30474848
30476078
30476732
30477361
30478122
30478423
30479378
30481275
30482246
30485478
30487206
30487290
30489661
30497088
30500067
30501594
30503208
30503260
30506687
30506855
30507376
30507642
30507643
30510096
30511477
30513915
30516096
30517196
30518123
30518328
30518694
30519034
30519815
30520109
30523339
30524883
30524962
30525088
30525429
30530501
30532125
30536479
30536846
30538083
30540936
30541631
30543426
30544060
30545996
30547271
30550547
30554934
30555044
30555799
30557203
30559346
30559443
30564241
30568171
30570921
30573788
30576517
30578303
30578646
30580169
30582207
30582622
30588619
30591283
30591535
30594194
30594596
30595452
30600101
30606882
30610488
30610557
30611243
30611664
30615227
30615643
30619259
30619360
30620009
30621962
30626869
30629299
30629779
30630772
30631934
30636037
30637577
30640174
30641919
30642454
30642911
30643021
30646957
30648461
30650410
30650591
30651283
30651587
30651631
30652208
30656400
30656480
30657376
30658161
30658697
30659056
30659395
30663068
30664649
30665271
30665898
30669362
30670009
30670336
30670448
30670592
30670657
30670777
30674724
30676608
30676629
30676846
30677053
30679303
30683880
30684003
30685489
30686932
30691495
30691634
30692572
30692586
30692993
30694527
30694528
30696866
30698069
30698719
30699970
30702598
30702785
30703452
30705406
30706456
30706752
30707567
30709384
30710410
30710758
30712552
30713785
30715305
30715484
30715803
30716101
30719634
30720774
30723592
30723802
30725483
30728176
30731170
30734016
30737816
30740824
30744621
30745166
30745464
30747340
30748011
30753225
30753826
30755279
30755670
30756132
30758855
30759216
30759399
30761148
30761150
30761158
30761272
30762273
30764500
30764534
30764578
30765270
30766792
30770120
30770859
30772033
30772135
30776758
30781523
30782151
30782413
30782666
30783762
30784592
30785937
30786164
30787188
30787463
30788417
30795956
30799131
30799177
30801710
30802606
30802904
30809780
30820797
30824524
30825182
30825711
30825959
30825963
30825976
30826010
30826360
30830541
30833413
30840735
30848018
30848078
30849662
30850544
30850577
30850903
30851880
30853064
30862463
30862951
30863872
30865357
30865430
30865928
30867289
30867891
30868169
30868318
30868392
30872264
30872366
30873235
30873831
30874617
30876833
30878878
30883699
30885329
30885938
30886333
30887007
30888498
30890387
30890530
30891146
30897376
30898098
30902064
30903831
30905320
30905829
30906734
30906926
30907148
30907207
30908615
30909669
30913290
30914427
30915081
30921315
30921775
30923094
30923188
30924571
30926575
30927074
30927111
30927915
30927918
30929299
30929739
30930119
30934880
30937372
30940821
30944963
30948193
30949777
30953118
30953467
30955183
30955437
30962250
30965296
30971150
30972613
30972766
30973030
30977817
30979368
30979792
30981032
30981990
30982095
30982169
30982597
30982656
30987302
30994468
30999660
31001265
31001821
31002019
31003032
31003722
31005224
31010633
31012272
31012498
31015133
31018241
31018252
31020418
31021008
31023318
31026794
31027242
31027945
31028016
31031193
31031746
31033160
31033297
31036553
31036863
31038154
31040913
31044544
31049411
31049740
31053476
31053529
31053628
31054489
31055875
31063487
31064682
31066142
31067223
31068946
31070983
31072019
31074162
31074507
31076314
31076356
31085288
31086963
31088490
31090551
31090916
31092657
31095760
31096312
31096934
31100206
31101121
31101428
31101674
31106636
31108140
31108463
31112249
31112905
31112906
31118093
31124786
31128948
31130004
31130412
31131314
31131967
31132742
31134155
31135241
31136039
31136750
31138679
31139406
31141422
31144018
31146069
31147249
31150222
31150618
31152863
31153901
31155380
31155736
31158080
31159571
31160965
31161258
31163335
31165046
31165586
31167748
31172212
31173429
31176362
31178244
31182225
31185209
31186341
31186375
31189073
31189116
31193887
31194585
31194882
31195315
31196219
31197820
31199242
31199317
31201525
31201646
31202571
31203567
31204389
31204434
31205498
31209514
31209664
31213659
31221620
31227340
31227537
31227689
31227989
31229947
31235865
31236819
31240246
31242413
31246315
31251346
31251805
31252299
31252322
31253733
31254208
31255653
31258628
31260818
31262335
31262850
31262886
31262887
31263022
31265831
31267970
31269754
31270164
31270615
31272308
31274194
31278301
31278659
31278862
31281893
31282586
31283131
31283631
31283970
31284216
31285590
31286386
31286387
31290019
31290280
31290569
31293046
31296341
31300222
31300947
31302345
31303383
31304633
31307959
31309123
31311922
31318974
31319139
31319385
31319995
31322806
31323802
31325075
31326731
31333662
31334757
31336859
31337767
31338839
31340061
31340065
31340200
31341975
31342311
31345622
31345626
31347009
31347338
31347929
31347956
31348796
31349965
31350822
31351925
31352417
31354188
31358048
31359276
31361790
31362803
31362921
31362950
31364920
31370191
31371228
31379614
31380581
31382921
31386197
31388935
31389275
31390590
31391067
31391103
31392348
31395244
31395391
31396745
31397784
31398540
31398854
31399801
31399859
31400565
31400583
31402072
31405121
31408800
31409608
31410492
31410731
31411736
31411761
31412943
31413295
31413324
31413908
31415805
31416256
31416930
31418996
31420497
31420533
31420599
31421630
31423580
31424568
31425290
31425584
31426461
31426772
31429708
31430907
31431381
31431385
31431387
31432802
31434078
31434617
31435892
31436372
31437753
31439478
31440115
31442340
31442971
31443224
31443246
31443811
31444332
31445782
31450842
31451685
31451977
31451978
31455004
31455425
31461651
31463728
31466046
31467304
31469193
31471071
31471614
31471837
31472016
31473370
31475738
31476419
31477282
31477512
31478379
31479734
31481117
31481299
31483102
31483520
31485792
31488507
31492531
31492746
31492822
31493162
31494231
31495913
31496861
31498410
31500907
31502658
31505496
31506385
31509748
31512091
31515237
31515242
31517053
31519701
31519704
31521607
31523030
31523835
31524790
31524827
31525407
31526760
31527768
31529615
31533537
31533965
31535302
31538491
31539802
31548344
31549936
31550353
31551369
31551391
31555591
31556799
31559415
31560238
31561933
31561953
31562204
31563544
31563730
31565506
31566074
31569066
31569213
31569214
31569217
31569219
31569235
31569236
31572752
31573911
31578153
31580128
31580497
31585086
31585395
31585804
31585818
31585951
31592898
31593294
31593756
31595053
31597385
31597402
31597751
31598722
31601449
31602512
31603898
31603917
31605324
31605532
31606605
31611871
31613312
31614288
31614568
31615476
31616036
31616965
31619424
31620941
31623649
31623687
31624377
31625001
31628712
31628791
31629658
31630981
31635359
31636040
31642518
31645765
31646076
31646463
31649042
31650365
31650662
31651304
31653758
31654575
31654669
31654805
31655223
31655316
31655358
31658669
31661689
31663182
31665635
31666932
31668980
31669389
31671763
31676314
31676912
31682006
31684033
31684057
31690649
31691120
31692151
31695154
31695176
31696402
31696625
31698351
31700994
31703356
31704778
31706438
31709196
31718893
31721193
31721395
31723001
31723779
31723844
31724113
31726247
31726650
31729386
31729407
31730712
31731701
31732841
31733011
31733489
31734709
31734854
31735300
31735626
31741109
31744897
31745819
31747973
31748122
31750958
31752361
31755917
31756986
31757951
31758518
31760312
31764091
31765989
31767585
31768861
31772060
31772122
31772836
31773425
31773851
31774938
31774954
31778167
31781949
31782166
31783851
31784484
31784980
31786520
31787152
31789100
31792088
31792717
31792881
31793012
31795835
31796488
31797935
31799605
31801186
31801873
31804970
31805533
31806573
31807966
31809243
31810230
31811009
31812074
31816658
31817270
31817278
31820127
31826910
31829442
31829447
31832331
31833166
31836866
31838009
31839964
31841792
31844269
31845900
31846142
31846532
31847385
31847394
31847907
31849138
31850303
31852786
31852987
31853388
31853453
31855178
31856269
31857188
31863226
31863609
31865182
31866296
31867266
31867777
31869378
31872213
31876012
31877801
31878981
31879358
31882252
31882320
31883670
31885424
31887739
31888045
31888195
31889198
31895568
31900610
31909697
31910699
31911337
31911540
31912784
31912787
31913422
31916008
31917319
31920047
31921644
31926805
31926965
31927675
31932507
31935221
31938069
31938966
31940106
31943574
31944488
31944548
31945059
31945588
31947947
31948091
31948486
31949161
31950120
31951497
31951873
31952027
31955408
31956037
31956083
31958141
31960047
31960422
31965077
31969039
31969670
31974067
31974375
31980913
31980916
31982206
31987957
31988276
31990268
31990604
31991479
31993637
31993925
31995683
31995747
31995804
31998639
32000047
32006165
32007423
32007666
32007760
32010435
32021913
32022317
32022350
32024838
32027339
32030738
32031218
32031591
32034014
32034145
32034488
32037284
32041354
32042331
32042343
32044722
32046981
32048418
32048563
32050999
32052299
32055715
32056483
32057596
32058873
32059544
32060147
32061302
32067535
32070386
32072138
32072141
32078707
32079173
32083079
32084359
32086311
32087750
32088139
32091998
32094484
32094911
32095545
32099912
32101448
32105518
32106342
32109999
32111832
32112565
32115800
32116052
32117586
32120064
32124136
32127568
32130573
32132148
32133009
32138173
32139317
32139547
32139550
32143207
32143689
32146256
32146257
32148072
32150297
32154773
32157379
32161126
32161258
32161279
32162816
32164641
32165326
32167160
32168897
32169167
32169547
32170481
32171106
32171566
32172441
32173982
32178963
32180074
32181977
32182401
32184266
32186705
32187447
32188026
32188473
32188726
32189004
32190892
32193286
32193628
32198375
32198570
32200222
32202295
32203696
32205449
32206965
32208351
32209062
32210471
32217475
32219447
32220890
32221685
32221745
32223932
32225005
32229271
32234518
32238469
32238817
32239149
32239670
32241841
32242253
32242826
32244208
32244310
32245785
32247801
32249383
32250202
32252077
32253241
32253279
32259294
32264961
32266940
32268953
32271879
32275886
32278626
32279280
32281032
32281721
32283627
32285009
32285260
32285559
32286923
32297326
32297435
32298326
32298961
32299465
32299515
32314825
32315112
32316388
32316450
32319845
32324446
32325664
32327656
32328821
32328986
32332012
32333238
32335811
32335850
32336626
32337377
32340819
32340859
32342024
32345344
32345649
32346077
32346980
32347142
32348700
32350084
32350089
32351897
32354805
32355176
32357886
32358810
32359403
32360902
32362484
32362897
32363495
32365371
32367073
32367253
32368624
32371123
32371262
32375033
32377841
32379748
32381031
32381050
32381363
32381437
32383162
32386879
32387455
32387491
32388149
32388741
32389790
32390006
32390070
32392098
32392543
32398099
32399176
32402507
32405058
32406858
32409305
32412348
32413043
32413532
32415199
32417345
32421698
32422143
32422504
32423907
32427994
32428500
32428859
32429253
32430679
32430684
32432544
32433947
32433956
32433973
32434491
32436610
32436923
32441919
32444267
32446951
32453735
32454416
32456027
32458162
32461350
32461630
32467345
32469606
32472585
32476528
32477929
32478141
32482536
32482799
32483595
32483982
32488948
32490570
32491246
32493992
32495338
32495364
32499297
32502981
32504246
32504782
32508005
32510767
32512509
32513966
32514888
32515240
32517087
32521079
32521425
32523045
32528120
32529116
32531849
32535494
32536918
32537835
32538460
32542417
32544543
32545676
32546644
32546843
32547638
32549357
32553164
32553482
32554215
32554494
32555306
32560645
32561098
32563910
32564446
32566137
32566997
32570396
32572029
32572153
32581699
32584589
32585361
32590633
32591481
32591642
32593915
32594285
32602962
32603656
32605801
32607869
32609322
32614418
32614506
32615015
32615764
32616597
32619138
32619469
32621785
32622629
32622664
32623070
32623608
32624571
32627108
32627144
32629078
32630457
32634123
32634154
32636159
32638382
32638384
32641023
32641863
32642907
32643876
32644158
32646422
32647253
32647795
32651698
32653839
32656088
32656739
32658072
32660667
32661665
32669424
32670277
32672798
32680820
32682615
32682665
32685681
32690067
32690071
32690667
32691100
32698002
32698949
32703081
32703182
32705463
32708218
32708519
32709696
32711554
32711926
32722384
32725025
32726404
32726410
32727670
32727725
32727726
32727761
32730183
32731426
32731592
32734520
32735614
32735752
32737409
32737712
32746075
32747144
32747478
32749941
32750110
32757307
32759363
32759978
32759979
32763107
32763159
32763242
32764145
32767101
32770055
32770456
32771994
32774131
32775041
32778061
32778880
32781097
32782179
32785316
32785644
32793500
32793890
32795875
32796953
32799035
32805217
32806979
32808491
32809114
32811457
32813120
32814682
32817663
32818901
32820027
32820270
32826285
32830356
32831048
32833768
32841339
32841533
32841629
32843549
32843663
32843989
32844316
32844403
32845207
32845835
32846126
32849802
32855097
32855419
32858478
32859194
32859324
32860207
32860527
32860789
32861569
32861571
32863756
32864858
32865561
32865673
32867513
32868111
32869353
32870818
32873156
32873723
32873856
32875568
32875713
32878084
32878779
32880094
32881287
32885621
32885683
32886900
32887573
32896947
32898245
32901312
32904033
32906832
32907564
32908142
32909677
32911532
32915102
32917044
32917503
32921790
32925146
32928925
32930928
32937838
32938193
32939376
32940232
32940237
32940238
32940424
32943450
32946982
32947154
32947939
32950531
32955943
32956760
32960390
32961257
32961317
32964358
32965059
32965590
32972785
32972801
32973756
32976871
32976979
32980625
32980749
32981793
32983165
32985517
32985974
32986232
32989144
32994281
32994804
32999003
32999851
33002193
33003546
33004930
33006377
33008940
33014774
33016874
33019710
33019981
33020150
33022221
33022643
33022785
33022843
33023516
33028308
33029074
33037828
33041332
33042813
33046377
33046463
33046565
33046573
33046620
33046804
33046819
33049722
33057719
33058866
33059647
33063609
33064004
33065764
33066393
33066609
33067394
33067775
33069505
33069583
33071311
33073338
33073863
33074160
33077564
33078684
33081543
33082167
33082238
33084231
33084889
33087189
33087264
33090355
33092116
33093572
33094433
33099214
33099691
33103128
33105052
33105540
33105656
33107709
33109175
33109665
33112377
33112820
33113088
33120220
33120947
33121445
33123174
33123616
33123814
33125893
33126042
33128820
33129631
33129910
33130189
33131538
33134565
33134831
33135354
33138744
33139271
33140138
33140189
33141472
33142664
33142750
33144283
33144587
33147486
33147765
33148289
33148722
33151443
33152108
33152277
33153355
33158638
33159971
33160073
33161241
33168460
33172850
33179874
33180916
33180981
33185839
33187146
33188476
33195396
33195739
33196463
33198768
33199800
33204023
33205068
33205284
33208888
33213245
33218178
33220512
33222176
33222321
33225419
33225965
33227408
33227805
33230593
33230870
33235997
33237294
33239719
33243087
33243800
33243986
33245949
33247629
33248228
33248874
33252836
33255564
33255921
33256379
33257847
33260110
33260481
33260693
33262518
33262763
33263830
33264622
33266275
33267818
33270280
33270455
33270530
33271119
33271556
33272737
33275281
33277767
33278061
33278670
33280952
33281829
33282512
33282746
33287413
33289866
33292105
33292279
33293355
33298933
33299654
33301068
33301706
33301740
33308039
33309165
33309624
33310008
33311587
33313193
33315086
33316171
33316218
33316557
33317113
33317153
33321449
33324131
33327948
33328638
33329597
33332599
33333201
33333326
33333805
33333967
33339059
33339858
33340423
33342722
33345659
33349436
33349525
33351090
33351823
33352769
33353763
33353838
33354736
33355176
33355195
33355968
33357483
33358533
33360102
33364450
33368399
33374176
33377020
33377086
33377122
33378310
33378683
33382175
33383671
33385265
33387811
33388308
33389397
33392504
33395962
33396957
33404154
33408764
33409747
33410591
33410602
33411367
33411940
33412125
33414553
33416842
33417657
33418527
33420244
33420397
33421886
33425717
33426639
33427507
33428246
33428795
33431495
33436043
33437034
33440059
33440146
33441537
33454131
33454834
33457087
33458327
33458363
33458392
33458399
33458426
33458427
33458613
33459596
33460468
33462444
33464911
33466279
33466359
33467048
33467084
33468213
33473322
33479682
33480295
33480862
33484974
33487083
33490987
33491228
33491513
33491834
33493613
33494394
33495029
33495599
33495964
33497469
33498403
33499248
33500318
33501657
33503422
33503430
33504550
33506581
33511676
33512430
33512487
33513347
33514403
33515369
33515500
33516150
33516644
33517555
33518367
33521698
33526315
33526786
33527896
33529259
33530146
33531158
33531437
33534128
33536213
33538368
33539418
33540666
33541221
33544207
33544500
33545258
33545387
33551005
33552469
33554062
33554640
33555121
33556549
33556626
33558701
33560442
33561783
33562057
33563546
33563890
33567553
33569624
33570642
33576154
33577563
33578746
33578971
33580586
33580786
33581506
33582778
33583081
33588932
33589749
33589752
33589821
33592130
33592541
33594104
33596115
33596640
33597508
33598682
33601256
33602033
33602919
33603145
33606114
33606831
33608635
33608693
33608762
33610543
33610624
33615224
33618024
33619839
33620141
33627422
33627650
33634328
33635598
33636694
33637760
33639520
33639999
33641214
33641270
33641718
33642151
33644846
33647369
33648773
33649001
33649008
33650042
33652496
33652766
33656221
33658484
33658498
33659493
33662297
33663300
33663309
33665386
33668023
33668370
33670893
33671266
33673003
33674403
33674610
33675038
33676435
33677488
33677517
33679394
33679708
33682594
33685459
33687522
33688833
33689058
33690922
33691596
33693762
33704843
33709101
33709466
33710348
33710423
33711265
33712346
33713244
33715909
33718380
33721350
33721596
33722412
33724062
33728574
33729551
33729632
33729928
33732789
33734563
33734564
33737108
33737641
33738473
33738641
33739634
33740099
33741182
33742146
33743481
33744055
33746212
33748963
33749890
33750427
33757440
33760071
33760073
33761003
33761899
33762202
33764001
33765422
33765967
33769500
33771850
33772109
33773877
33774382
33774501
33777774
33778780
33783212
33783264
33784344
33784914
33786064
33789095
33792220
33793735
33795176
33796407
33796917
33797290
33797818
33797847
33799475
33802196
33805316
33806417
33806468
33806808
33807785
33808973
33810170
33810348
33810948
33810950
33813606
33816288
33818744
33819647
33823141
33831168
33831856
33835022
33835523
33836257
33837383
33837791
33838467
33840000
33843013
33846199
33848015
33849726
33852815
33858496
33864848
33865430
33869013
33876721
33879600
33880638
33883175
33883672
33887686
33889844
33890711
33891204
33891478
33892023
33893191
33895214
33896667
33898633
33898774
33899138
33899807
33900435
33901801
33902701
33904221
33904712
33909043
33909171
33910263
33911261
33914057
33914224
33915755
33917026
33918832
33920135
33920824
33922382
33922435
33923941
33925917
33926008
33926539
33926781
33926980
33929382
33931467
33932087
33932583
33932725
33936033
33936462
33937837
33938888
33941866
33942418
33944897
33945043
33945374
33952518
33954822
33955058
33956083
33961646
33962851
33965892
33970225
33970376
33972635
33973335
33975627
33976110
33977227
33977583
33980539
33981183
33981465
33985828
33988882
33989441
33990961
33993062
33993873
34000245
34000387
34001287
34001452
34001633
34004035
34004044
34006333
34006513
34006553
34008248
34009100
34009673
34012704
34012921
34020117
34022237
34023401
34027494
34030108
34030918
34031938
34032267
34032444
34032890
34033662
34035881
34036938
34041023
34043821
34044097
34045355
34045449
34046591
34046715
34048685
34048816
34049929
34055224
34056605
34057028
34058517
34059522
34060804
34061390
34065112
34068026
34068206
34068407
34069208
34069790
34069979
34069998
34071371
34073341
34074302
34076745
34076807
34077519
34077554
34081367
34082036
34082257
34085291
34091776
34097796
34099699
34101806
34101951
34103247
34104814
34105184
34106263
34106465
34108070
34108662
34111421
34113011
34113809
34116702
34117376
34118528
34123576
34124680
34125362
34127719
34129212
34131070
34132738
34135475
34135806
34139363
34141869
34142235
34142281
34142290
34149707
34149901
34151304
34152665
34153795
34154545
34155531
34159239
34161070
34162659
34163038
34166674
34168629
34170408
34170460
34176084
34180545
34180607
34181673
34184164
34184894
34185991
34190040
34197746
34199595
34200018
34201021
34201371
34202919
34203855
34205490
34208621
34208765
34209288
34210048
34211036
34211178
34214614
34215757
34215933
34217417
34223961
34224145
34224169
34224671
34228174
34229690
34230026
34230973
34232140
34232392
34233177
34233858
34235398
34237344
34239773
34241726
34251543
34252720
34253678
34253874
34254584
34256280
34258819
34259949
34261771
34262618
34263492
34263512
34266887
34267108
34267233
34270924
34272039
34272264
34272384
34272972
34275176
34278009
34278270
34280258
34282033
34282688
34282781
34284100
34289828
34291288
34291583
34293719
34295456
34298644
34298664
34298716
34298851
34300690
34301412
34302852
34303378
34303597
34310698
34313027
34320204
34320228
34320349
34320508
34323286
34326328
34327634
34328273
34329868
34330022
34333237
34334633
34335076
34338755
34338943
34339095
34341426
34341517
34347730
34351623
34352223
34352313
34353775
34353984
34357149
34358441
34359567
34359719
34359724
34361793
34363011
34363111
34365540
34366174
34366274
34371177
34373320
34373489
34373848
34376693
34377591
34378278
34381208
34382383
34387856
34388263
34392000
34392637
34394090
34398252
34399164
34399698
34401388
34401389
34401784
34402665
34403911
34405277
34405371
34407845
34408135
34408139
34408284
34409667
34411849
34412957
34415798
34425405
34428722
34429313
34433038
34434533
34435804
34439126
34439300
34439745
34446364
34446378
34448703
34449103
34450595
34453569
34456057
34456061
34460055
34461526
34464670
34468826
34471116
34472243
34472371
34473425
34474619
34475104
34476551
34486095
34492456
34492587
34493493
34493798
34493858
34498770
34502307
34503071
34503092
34503199
34503242
34505885
34508554
34509380
34509615
34509720
34510364
34514030
34518276
34519980
34521393
34521537
34521823
34523041
34523678
34523866
34524527
34529261
34530809
34531263
34533595
34533669
34534376
34535437
34535928
34536392
34542736
34548335
34548915
34550356
34551126
34551656
34555355
34556423
34557571
34558659
34559294
34562372
34563635
34565468
34568982
34569626
34572825
34572870
34572895
34572947
34575646
34579678
34580291
34581246
34584081
34585249
34585294
34588768
34589620
34591877
34592362
34597466
34598170
34599156
34599663
34605017
34605909
34605966
34609196
34609311
34610387
34611289
34613339
34615983
34616863
34616875
34622222
34632601
34635432
34638018
34638428
34640467
34641839
34641961
34642666
34642736
34643690
34649267
34650055
34650162
34652049
34652264
34653569
34654826
34654870
34655313
34655415
34656652
34657780
34657801
34658095
34659358
34660209
34660619
34661151
34663243
34663878
34666216
34666399
34666931
34667094
34667884
34669141
34670587
34670766
34670835
34671036
34671234
34675090
34675268
34676226
34679713
34680219
34680253
34680375
34682769
34683840
34686335
34687207
34692684
34694237
34697217
34708487
34712995
34713241
34714423
34715822
34716207
34716208
34716449
34716584
34717701
34718831
34718916
34719790
34721209
34724201
34725829
34726263
34731255
34732301
34736413
34736925
34738239
34740766
34740916
34741119
34741134
34741789
34743329
34745228
34750193
34752469
34753892
34755410
34756337
34756527
34757489
34757958
34758170
34758792
34759930
34762305
34763270
34764237
34767759
34768402
34771556
34771594
34771595
34773774
34775466
34778104
34778737
34780034
34782446
34782936
34788216
34788605
34791830
34794856
34795391
34795925
34796956
34797424
34799210
34799230
34799785
34799885
34800147
34810058
34811503
34813591
34815357
34816255
34820593
34820594
34820788
34822762
34823112
34824371
34830773
34830799
34830944
34830986
34842284
34842959
34843843
34848102
34848157
34848855
34850157
34855132
34858730
34859607
34860178
34861269
34862451
34862598
34863145
34865221
34872047
34872776
34872965
34873870
34874744
34875680
34879645
34879792
34880314
34885235
34885258
34887163
34887408
34891036
34894900
34895829
34895970
34899758
34900722
34903604
34904929
34904948
34906411
34908245
34912077
34913161
34913904
34915063
34915408
34917449
34917977
34917980
34919266
34921730
34922945
34927791
34929424
34930798
34931005
34932154
34933957
34935139
34935577
34935934
34935990
34936525
34940058
34940077
34942000
34942552
34943967
34944788
34944928
34951423
34953006
34953059
34953098
34953616
34953740
34956157
34956898
34957825
34961754
34965952
34966391
34966713
34967233
34968470
34969184
34973817
34973844
34977689
34981165
34985783
34986523
34987318
34988705
34994858
34996804
34997070
34997316
34999428
35007874
35008262
35008300
35008560
35013418
35016204
35017635
35019858
35024892
35025887
35026689
35027648
35027755
35029739
35032430
35033023
35036959
35039230
35039463
35039626
35039638
35039951
35040944
35042889
35042965
35043734
35044816
35044825
35046062
35046082
35046958
35048158
35048177
35052746
35053463
35057090
35058112
35058606
35059746
35059835
35064766
35064924
35064953
35065597
35067732
35070990
35073333
35074233
35074650
35076935
35078648
35081505
35084079
35084436
35084987
35086136
35089436
35089911
35092107
35099533
35101464
35102436
35103605
35106452
35106658
35108372
35109742
35109860
35110676
35111955
35112634
35114057
35114970
35118356
35122224
35124703
35129646
35131686
35131841
35132621
35133052
35134854
35135724
35136067
35136941
35137091
35137218
35138444
35141890
35143042
35143644
35147820
35153158
35154153
35156394
35157075
35158941
35158946
35158976
35159048
35166037
35169873
35170264
35172148
35172743
35175864
35176144
35177300
35180151
35184635
35188867
35190564
35190891
35194192
35201353
35202772
35202973
35203714
35205609
35205674
35205711
35205807
35209883
35212245
35212563
35214121
35217681
35218205
35221132
35227444
35228751
35230528
35231115
35233662
35235800
35235869
35236736
35237296
35237351
35238108
35238253
35239034
35239050
35239055
35239071
35243019
35246605
35246937
35248841
35251023
35251040
35252523
35253593
35255152
35256592
35258460
35259451
35262923
35264435
35264598
35264796
35267410
35267560
35267654
35269391
35271816
35275360
35276669
35279762
35286886
35288464
35290914
35292622
35292774
35295081
35296668
35297777
35298058
35298091
35300151
35300951
35301507
35303057
35303166
35303720
35304040
35304251
35306496
35307354
35307714
35309711
35311674
35311860
35312951
35314096
35314806
35318570
35320315
35322413
35326518
35326653
35326660
35326678
35328702
35330373
35331527
35332600
35337672
35338007
35339259
35339319
35341693
35341805
35344447
35346605
35348664
35352121
35352847
35353548
35354254
35356260
35356286
35357416
35357901
35359962
35361918
35365860
35366764
35368116
35379626
35379743
35382678
35385742
35387418
35388525
35389070
35390040
35393546
35394006
35394361
35395848
35397172
35398264
35402271
35406443
35406578
35409102
35410737
35411174
35413574
35413826
35413862
35416251
35416503
35417733
35418049
35418585
35419484
35421702
35421819
35428210
35429792
35435497
35436524
35437308
35438188
35438210
35440579
35441273
35443730
35444185
35447283
35447566
35447605
35449018
35451236
35451539
35451620
35451988
35455668
35456787
35459142
35460607
35461050
35461213
35466737
35469363
35470383
35470519
35471557
35473746
35474007
35474252
35476594
35477392
35477541
35483383
35483437
35483439
35483738
35484275
35484779
35489024
35490691
35491320
35497064
35501243
35501515
35501744
35507134
35509021
35512434
35512850
35512998
35514606
35522219
35522790
35522977
35523804
35532004
35533817
35534224
35534301
35535491
35535520
35536646
35540375
35544601
35545020
35546360
35550553
35551444
35556158
35561316
35561739
35563182
35565347
35568295
35570228
35570706
35575822
35576376
35576694
35576821
35580369
35582582
35584278
35584883
35589409
35589543
35589878
35591979
35596726
35597956
35598186
35601799
35604402
35605741
35606362
35606477
35613791
35619188
35622201
35622318
35623884
35625968
35626054
35628441
35631654
35640771
35640975
35641342
35643466
35643632
35644730
35649412
35651320
35654354
35654644
35657640
35658868
35660750
35661157
35661267
35661676
35662281
35662530
35664539
35664556
35666080
35666740
35668664
35669415
35670670
35673702
35676292
35676342
35680075
35680414
35681052
35681575
35681721
35681759
35684392
35687021
35687114
35688398
35691881
35693032
35697783
35697933
35701256
35701372
35705764
35707356
35709559
35710138
35710836
35715735
35715861
35716537
35717462
35717578
35724637
35725771
35726109
35727375
35728876
35731212
35731242
35732249
35734265
35735458
35737364
35737926
35740518
35740520
35740628
35740699
35740701
35750276
35750669
35752743
35754340
35754458
35755000
35755892
35756970
35758193
35760914
35761247
35761282
35767951
35768550
35771253
35771630
35772237
35772446
35773312
35773828
35774331
35776132
35776235
35776704
35778577
35779493
35779544
35781313
35782751
35784648
35785488
35786606
35786961
35788352
35790566
35794963
35798856
35798962
35800157
35802179
35803176
35803844
35804443
35804912
35804934
35804937
35804939
35805000
35805032
35813097
35813877
35814260
35814761
35816682
35816857
35817587
35819193
35819319
35830887
35831032
35831506
35832063
35840053
35840543
35840566
35841207
35843265
35844986
35845549
35846209
35850265
35850601
35850866
35851642
35852792
35853671
35853735
35854649
35858315
35861125
35863110
35864159
35864225
35865122
35865547
35866590
35870728
35872559
35874769
35877072
35879361
35879728
35879825
35882203
35884378
35884517
35884917
35887398
35892626
35896707
35899728
35900594
35902289
35904353
35904645
35907105
35907877
35912214
35914919
35916278
35916583
35916691
35918345
35921776
35921798
35922089
35922105
35922548
35925442
35926654
35926992
35927254
35927369
35928747
35930021
35931688
35933522
35933885
35934006
35935609
35936724
35938519
35945582
35947077
35947977
35948633
35952707
35954190
35954457
35954468
35962368
35962739
35962838
35963481
35963750
35963869
35966052
35969037
35973068
35973619
35973926
35974344
35976548
35976556
35979650
35982630
35983169
35983632
35986108
35987024
35989202
35994009
35998093
36005166
36006959
36007304
36010883
36010994
36017997
36030458
36031452
36031940
36034326
36038500
36040669
36041431
36041543
36042877
36049835
36050628
36052643
36054767
36055228
36055309
36055987
36056531
36058128
36060631
36069222
36071722
36072334
36074777
36075897
36075911
36077248
36077517
36078078
36084384
36085090
36085118
36088300
36089634
36093582
36095844
36096316
36097376
36097617
36098027
36100608
36103777
36105390
36106661
36115181
36116753
36119546
36123540
36125208
36127520
36127572
36128894
36136755
36137114
36137616
36139564
36139642
36145375
36147916
36147959
36152406
36152647
36158240
36163172
36164925
36165411
36166080
36167876
36168923
36172990
36174298
36174300
36174633
36177801
36178902
36180645
36181605
36185575
36185971
36186924
36195742
36196486
36199092
36201709
36202444
36202890
36202957
36203093
36208568
36210321
36210504
36215122
36215655
36217248
36220623
36223752
36224377
36224403
36238289
36241730
36245757
36251445
36252995
36253663
36256783
36257534
36257923
36257966
36258226
36261752
36262506
36263842
36264440
36265075
36266663
36270248
36271029
36271417
36274017
36274078
36280427
36281718
36290836
36291880
36293565
36303075
36306337
36306568
36307178
36307181
36307892
36307915
36308811
36308925
36313181
36315146
36315307
36315929
36316164
36316440
36319851
36321561
36322819
36323048
36326972
36328090
36328784
36330470
36331677
36334188
36334593
36342118
36344003
36346099
36346104
36350252
36353657
36356508
36358662
36358669
36367563
36368471
36369821
36371908
36372773
36373590
36374536
36384097
36385254
36385440
36385563
36387143
36394882
36400101
36402763
36403862
36407105
36410547
36410657
36417856
36419099
36422864
36424442
36425063
36426826
36427491
36428993
36429084
36433625
36434411
36435047
36435296
36436330
36436831
36442096
36442479
36444554
36450222
36450250
36450752
36450981
36451044
36451334
36454373
36457649
36459240
36459495
36470070
36470898
36471036
36477031
36477850
36478188
36493420
36493793
36493865
36495280
36495465
36496303
36496394
36496490
36497388
36497449
36498377
36499301
36501181
36502575
36505871
36509000
36509070
36511583
36512099
36519590
36520027
36521335
36521491
36522834
36525971
36528853
36534496
36534950
36535720
36535922
36536197
36539535
36539580
36539617
36543099
36543378
36549742
36551585
36551695
36551714
36564280
36564381
36565168
36565244
36565574
36566243
36572596
36574281
36578650
36581138
36581909
36581914
36581934
36584283
36585575
36593398
36593403
36594579
36594832
36595186
36595730
36597884
36600534
36602972
36603973
36606535
36608769
36610098
36611165
36612111
36613637
36614236
36617230
36620935
36622327
36622344
36622506
36622544
36623246
36625255
36625746
36629844
36632160
36633901
36634486
36635262
36635273
36639382
36639418
36639610
36640760
36641039
36641242
36641294
36641472
36645210
36646319
36646392
36646950
36648569
36648694
36653060
36653704
36653714
36655278
36655579
36656749
36657393
36657447
36658413
36660813
36661074
36662394
36668673
36669105
36669122
36669470
36672427
36683651
36685546
36688720
36689693
36690721
36691073
36693678
36694277
36695398
36695996
36696214
36696439
36698197
36698617
36700204
36700339
36701230
36703164
36703515
36705796
36707629
36709092
36709706
36711533
36713353
36715327
36715448
36715495
36715559
36715623
36720222
36723668
36725405
36729438
36731587
36731806
36732287
36732720
36734363
36735342
36736511
36736589
36740899
36741736
36753617
36754943
36759037
36759641
36759733
36763640
36764094
36764730
36765174
36765547
36765586
36765746
36765814
36768838
36772958
36774435
36776332
36778661
36779226
36779863
36781128
36781223
36781515
36786345
36790731
36791574
36791846
36792656
36793616
36794267
36795408
36795415
36796366
36798732
36799263
36804623
36805683
36805792
36807648
36810209
36811565
36812598
36812891
36813038
36817181
36818020
36818021
36818615
36819680
36824604
36825807
36825868
36826817
36827971
36828828
36831063
36840473
36840612
36841695
36842661
36845700
36847908
36848395
36849563
36850001
36855965
36856971
36857162
36857803
36859690
36860656
36863459
36865297
36865797
36867303
36867616
36869253
36869386
36870947
36871393
36881488
36882246
36882391
36889551
36892723
36893274
36894803
36895471
36898900
36900257
36900332
36900393
36906044
36907223
36910655
36914746
36916183
36917948
36924769
36928164
36928646
36929087
36929142
36929942
36931661
36932191
36933518
36934148
36935459
36939268
36939551
36939672
36940631
36942484
36943287
36943671
36944461
36951166
36952036
36958058
36959491
36964057
36964869
36965329
36966784
36969261
36970109
36971477
36972960
36972984
36975820
36978244
36987884
36990615
36992863
36996624
36999516
37000626
37001036
37003274
37003369
37004168
37004323
37005459
37007077
37009219
37010899
37012417
37016010
37016035
37016478
37018653
37020198
37020279
37021541
37026667
37029129
37029804
37030288
37031776
37034029
37034276
37036420
37037359
37038006
37038467
37038978
37045546
37046593
37046660
37046742
37046796
37046825
37051743
37052712
37052753
37055281
37058821
37059365
37060367
37060495
37060567
37062524
37063065
37067589
37067605
37070193
37071235
37074263
37074914
37077833
37079143
37079262
37081259
37081319
37085828
37086339
37087910
37088597
37094995
37095077
37100874
37102182
37106226
37114343
37114726
37116097
37116492
37116830
37119039
37119048
37120027
37124522
37127821
37130464
37132268
37132272
37133694
37139603
37142955
37146505
37146604
37147730
37149855
37150262
37151083
37152023
37153448
37159001
37160571
37161377
37161470
37161532
37162887
37164108
37169300
37169949
37171501
37171659
37173962
37179445
37181409
37181415
37182432
37182582
37187720
37187725
37190094
37194646
37200298
37202571
37203758
37204189
37206697
37207565
37208569
37209095
37209222
37210288
37210448
37211281
37211461
37211565
37214634
37217193
37217463
37221391
37223212
37223262
37224927
37225743
37225832
37226020
37227572
37232394
37235895
37236088
37236775
37236831
37240378
37243505
37245167
37245703
37246479
37249621
37249690
37253806
37256097
37256494
37257522
37257824
37258902
37259835
37261345
37266839
37266894
37269289
37270525
37270827
37271632
37274246
37276718
37280086
37280403
37283555
37285071
37285729
37289470
37291115
37291276
37296838
37301261
37308976
37309128
37314986
37318719
37324263
37326121
37327555
37328191
37329889
37334025
37337299
37337616
37338671
37339535
37340200
37340476
37345015
37345186
37345735
37346044
37346246
37351169
37355264
37355314
37355527
37356263
37358604
37359924
37359941
37361200
37363833
37369040
37369746
37379220
37386356
37389645
37389733
37389800
37389820
37391484
37392950
37394722
37395816
37398651
37401034
37402757
37403270
37406727
37407572
37414703
37414849
37417748
37419045
37420206
37424010
37424386
37429086
37432446
37432852
37433563
37434119
37435559
37437370
37441064
37443017
37444426
37444500
37444515
37445886
37446306
37449970
37450644
37450950
37451831
37452019
37452176
37455017
37455945
37460897
37466164
37466784
37470778
37470997
37473577
37474523
37477653
37479944
37482528
37482911
37485870
37485886
37486173
37486395
37486536
37490164
37490381
37491145
37491253
37493974
37494944
37495980
37496317
37504067
37504943
37504953
37509310
37517601
37522336
37522923
37523094
37523120
37524025
37525961
37526379
37526860
37528303
37531430
37532434
37532665
37536940
37539043
37540567
37541112
37541790
37541961
37545248
37545491
37547913
37547972
37548150
37552061
37552109
37556002
37557934
37558979
37559094
37559593
37561481
37566060
37566288
37568582
37568649
37568772
37572578
37573446
37576881
37578396
37578590
37580618
37582390
37584828
37586362
37587149
37587332
37589076
37591482
37591722
37594538
37595552
37597903
37599836
37603334
37603720
37603957
37606816
37606979
37607099
37608462
37609761
37609784
37612654
37614501
37615198
37615761
37620984
37621291
37624517
37632255
37633058
37633498
37638291
37642941
37643866
37645793
37646666
37648854
37648867
37650627
37651235
37652006
37657228
37658060
37658062
37659340
37661223
37662519
37664984
37672352
37674812
37679735
37680136
37680948
37681286
37683639
37686575
37689284
37689749
37690935
37691488
37694973
37696934
37698502
37702151
37702884
37708912
37711193
37716192
37717583
37717859
37719014
37719152
37720253
37725154
37726173
37728691
37729742
37729971
37731314
37734176
37734877
37735204
37736661
37737015
37738090
37738448
37738542
37739035
37739686
37740129
37742922
37745837
37748112
37749590
37755527
37755680
37757910
37758850
37758869
37760483
37760610
37766649
37767623
37773079
37774986
37776845
37777518
37778533
37781156
37781187
37782399
37783689
37789598
37791900
37792663
37794289
37794488
37794805
37795928
37796315
37800635
37800682
37801027
37810231
37814072
37814188
37815167
37817859
37819691
37820746
37820768
37823394
37823867
37827131
37827744
37828220
37828498
37831749
37832408
37833113
37835448
37835550
37839295
37844598
37845754
37850614
37850876
37852813
37853264
37854684
37856187
37856212
37857631
37860062
37864038
37867573
37868157
37869009
37871807
37871837
37874241
37879443
37882097
37882921
37884353
37886519
37889308
37895458
37897970
37898438
37899146
37901347
37902007
37902257
37903527
37903570
37914140
37914482
37914546
37916797
37918288
37918933
37919190
37919325
37919354
37919685
37920204
37922688
37922925
37923499
37925965
37927248
37928625
37930767
37934467
37934881
37935373
37935443
37938368
37942753
37946058
37947521
37949617
37951042
37952541
37953598
37953829
37954110
37955598
37957378
37957667
37957777
37961147
37963463
37964135
37964214
37972325
37975523
37977106
37977121
37991939
37993560
37995309
37995489
37996278
38001376
38006758
38008876
38010703
38012415
38012448
38014112
38014799
38016633
38017320
38017325
38024241
38025812
38030302
38031400
38033856
38036745
38037691
38038829
38039887
38040000
38041060
38041102
38042958
38044932
38047207
38048764
38049227
38049699
38052712
38054839
38055062
38055238
38057686
38058548
38060377
38061213
38062255
38063488
38066338
38066386
38067353
38070682
38078557
38079310
38081200
38086335
38087879
38088895
38091946
38100618
38104304
38105098
38108624
38109296
38117026
38117484
38117649
38127030
38127213
38128532
38130902
38131741
38133707
38138970
38141879
38142283
38143333
38147624
38151810
38160071
38162487
38163893
38167507
38171190
38175303
38175560
38175717
38175816
38176411
38177113
38177115
38180352
38184093
38185257
38191122
38191387
38192084
38192616
38193866
38194023
38194914
38197670
38201455
38201565
38202165
38203594
38213646
38216134
38216328
38216391
38217712
38219695
38221555
38224397
38224461
38225102
38225524
38225572
38226798
38228075
38230434
38232410
38232606
38232673
38234228
38234442
38237170
38237371
38238116
38238650
38240896
38242439
38244349
38258483
38262531
38266640
38268393
38270829
38271188
38273190
38273712
38280064
38281325
38281372
38282218
38282226
38285111
38285234
38287346
38289012
38294085
38295359
38296658
38297135
38299690
38307492
38308286
38308803
38311011
38316726
38317968
38318321
38318850
38324475
38325403
38326880
38332397
38332688
38333542
38335827
38336289
38336504
38336705
38339298
38339328
38339386
38339809
38345820
38346140
38346438
38349740
38350338
38353407
38353966
38358885
38359378
38359564
38360143
38360994
38361507
38362852
38363145
38365940
38365950
38365970
38367182
38375344
38377196
38377994
38380115
38380944
38382103
38382726
38383773
38384845
38386101
38386548
38394768
38395897
38396253
38396455
38398108
38398112
38398132
38400633
38401182
38401421
38403024
38403795
38404182
38405312
38409613
38416430
38416638
38417186
38418362
38420581
38420938
38423054
38424294
38426219
38427583
38428696
38430006
38431140
38432130
38444665
38446248
38451475
38452438
38453539
38453767
38454120
38455100
38457755
38458170
38458257
38460968
38461767
38466933
38467826
38467990
38468011
38470541
38471172
38471288
38471458
38475103
38476749
38478912
38481215
38487529
38489859
38489938
38490212
38491073
38492899
38495843
38498087
38499843
38503140
38504137
38504364
38511478
38515425
38517578
38518213
38519330
38519484
38519707
38520782
38520925
38523562
38530242
38530627
38531232
38531663
38531689
38533613
38535891
38536463
38539482
38545808
38548751
38548886
38552621
38554541
38556099
38556733
38563834
38565949
38566572
38572301
38572612
38573458
38576031
38580329
38581757
38582233
38583349
38583353
38587458
38589004
38590325
38597154
38597991
38600345
38600981
38604828
38606095
38610969
38611068
38611079
38613582
38613913
38621343
38622323
38622864
38625790
38630551
38631537
38633282
38634185
38636289
38636335
38636793
38637298
38637568
38639912
38639939
38640941
38641322
38643680
38644934
38649650
38650175
38653798
38653824
38654110
38658412
38659022
38663582
38664429
38670098
38677006
38677494
38678762
38680088
38682281
38682286
38690288
38695938
38697856
38700723
38701572
38701622
38701815
38702787
38703784
38706109
38706844
38706869
38707355
38719277
38720046
38720850
38722431
38723632
38724349
38724440
38724734
38725546
38726510
38729340
38729805
38733716
38739705
38740702
38747304
38750019
38752603
38753347
38754429
38755429
38757376
38759626
38760444
38760583
38760688
38761218
38769345
38769450
38777100
38778183
38779868
38780000
38780115
38781719
38782540
38782602
38783597
38788721
38789375
38789659
38790134
38790141
38791049
38792332
38794243
38795508
38798748
38801336
38803018
38804183
38811422
38820761
38821313
38822173
38828701
38828772
38831402
38831754
38833964
38844007
38848470
38852378
38852675
38855984
38856923
38863020
38863410
38865271
38866635
38866770
38866963
38869252
38870747
38870869
38870876
38872409
38874687
38881904
38883954
38885294
38887897
38893073
38893162
38893224
38894543
38897176
38897373
38900606
38901028
38901403
38902269
38902475
38907139
38907265
38908554
38909016
38912009
38913216
38920311
38923226
38924855
38926908
38935352
38935527
38936972
38937412
38940981
38942330
38942893
38946286
38947877
38948062
38953163
38953170
38955417
38957451
38958494
38961193
38965131
38966208
38967804
38969075
38969364
38970844
38972954
38977016
38977312
38978141
38979479
38982194
38982451
38989462
38992100
38992781
38993368
38994242
38994479
38994541
39001708
39003744
39004189
39004838
39005964
39006520
39012619
39018355
39018631
39018773
39019408
39019491
39019673
39021334
39022396
39024037
39024724
39024971
39024973
39028426
39029155
39032575
39036041
39038919
39043139
39044052
39048991
39053290
39057169
39059615
39060237
39061012
39061156
39065651
39066902
39067700
39068671
39069084
39074509
39074994
39075824
39079202
39083479
39084566
39087693
39088088
39088428
39091205
39093124
39094474
39096588
39098432
39098602
39098803
39100827
39103710
39107309
39109282
39110039
39112157
39112357
39112742
39115332
39115426
39119089
39127175
39127840
39130159
39133752
39134081
39135313
39137777
39138713
39140902
39142680
39146796
39147208
39148102
39148661
39150810
39152113
39153866
39154642
39157610
39159818
39160129
39167026
39172012
39175989
39176631
39176632
39176633
39176676
39183541
39186274
39188594
39189458
39191132
39192322
39192467
39193166
39206149
39207626
39207765
39210801
39216121
39217608
39217797
39218164
39221102
39221466
39223250
39223539
39225813
39225899
39226665
39227583
39229838
39232206
39237108
39238084
39241538
39244208
39246414
39246444
39252084
39252380
39256991
39257287
39260831
39262778
39265927
39266543
39273031
39276158
39277435
39279019
39285036
39287915
39288694
39290853
39294166
39294502
39295957
39299411
39299819
39302345
39302555
39304362
39304454
39306851
39309723
39310108
39315665
39318679
39320669
39325013
39325336
39326582
39326886
39327188
39331358
39348606
39349061
39349887
39352721
39356640
39357998
39358557
39358881
39360595
39361354
39362767
39362994
39377459
39377678
39377935
39378564
39380687
39382765
39384226
39388193
39400008
39405598
39406240
39412961
39417124
39417309
39420004
39421768
39424077
39424710
39425097
39427440
39429216
39430329
39432123
39433569
39435477
39437780
39437815
39439213
39444424
39445064
39447602
39456578
39461485
39469146
39470786
39470942
39471092
39473387
39476730
39481072
39482556
39483517
39485483
39488444
39488549
39488829
39488834
39489924
39490629
39493821
39498702
39499231
39500079
39500234
39500661
39501370
39502810
39504676
39510409
39510550
39510717
39510795
39510841
39511711
39513463
39516260
39516438
39521472
39521880
39522647
39526877
39532961
39534384
39535918
39541320
39541608
39547223
39547876
39550299
39551117
39555657
39556130
39560783
39560993
39562049
39567504
39570583
39576456
39577664
39579093
39579561
39579642
39580596
39581377
39582379
39588212
39588782
39590177
39591762
39591847
39592573
39594758
39594817
39603883
39603916
39604725
39605105
39611179
39613290
39613934
39614125
39614657
39615333
39615412
39615414
39621954
39623479
39626303
39629742
39631518
39631746
39632087
39633142
39637308
39639158
39644900
39647529
39651606
39652111
39653123
39653555
39658540
39662162
39662226
39665067
39671781
39673389
39674134
39674235
39674638
39675508
39675572
39676693
39681404
39682182
39686532
39689822
39691269
39693514
39698944
39702633
39703719
39703742
39705074
39707418
39708805
39716592
39718981
39718982
39718983
39720426
39720467
39720784
39720854
39722049
39723610
39729750
39730107
39734017
39736253
39736796
39737148
39737677
39738900
39741022
39741332
39743615
39747069
39747123
39755122
39757797
39760001
39760894
39760980
39761652
39763489
39763519
39764568
39766087
39766106
39766181
39778223
39778224
39786196
39786515
39786516
39786688
39787181
39787348
39788389
39793002
39793706
39793858
39794711
39796740
39799506
39799569
39800330
39801648
39801658
39802487
39804457
39805236
39807275
39811688
39813770
39821548
39823150
39824552
39826196
39826447
39826996
39836518
39838194
39839438
39840380
39842244
39843302
39843922
39848861
39848897
39849515
39849926
39851963
39853740
39854282
39855599
39861781
39864240
39865397
39865913
39866377
39867465
39871169
39875951
39877299
39878272
39878843
39884394
39886140
39886163
39888067
39889323
39889896
39889967
39892379
39893340
39898881
39899162
39902316
39903345
39903734
39904857
39906046
39907526
39907876
39908539
39909534
39909762
39909790
39909899
39910133
39911244
39912580
39913047
39914790
39915836
39918274
39919245
39921934
39922470
39925864
39928678
39930269
39931843
39932958
39933514
39934021
39936378
39937407
39937588
39941821
39949334
39951471
39960378
39962055
39963009
39966109
39967445
39967484
39969252
39971233
39971433
39972248
39975273
39979679
39981524
39982377
39982594
39983436
39987718
39994099
40001049
40006522
40009518
40009768
40009914
40013322
40013955
40017054
40018189
40019719
40022434
40023984
40025950
40026293
40026657
40026831
40027944
40041621
40041678
40044183
40045689
40045778
40047068
40048096
40048923
40053453
40054616
40056559
40057276
40059308
40061210
40067560
40071235
40074888
40076605
40081858
40084488
40088188
40089614
40092671
40093704
40094116
40096611
40101716
40102112
40102143
40106440
40106891
40108280
40110361
40112851
40117346
40117384
40121144
40122728
40123771
40140328
40144783
40145395
40145943
40147400
40151519
40154212
40154959
40156600
40157059
40157543
40158269
40158742
40159679
40161979
40165389
40167839
40169243
40176315
40177815
40183956
40187330
40188293
40189943
40198665
40199646
40204592
40209442
40214124
40214978
40219781
40220303
40220643
40221280
40222595
40227640
40231433
40232773
40232798
40233422
40238063
40239598
40239818
40240123
40240472
40241435
40243928
40245356
40246394
40249178
40249860
40250101
40250445
40255933
40259801
40262388
40263020
40263738
40266235
40267559
40270205
40272095
40274069
40281282
40285800
40288408
40289331
40296220
40299156
40302152
40302226
40305101
40306118
40310280
40311680
40315577
40315591
40315996
40317734
40318024
40319142
40328569
40330878
40331515
40334304
40337175
40339648
40342836
40345190
40347563
40354878
40354950
40355281
40358156
40365927
40368937
40373890
40374217
40374662
40378527
40380424
40380591
40380734
40383274
40389394
40392091
40393189
40394508
40400293
40410639
40410643
40413291
40413576
40414212
40415098
40418276
40418903
40419286
40422543
40426001
40427119
40433732
40434428
40437655
40438976
40438989
40440915
40442132
40446800
40447202
40449175
40449553
40454921
40463065
40463960
40464949
40465393
40466468
40470592
40470705
40472567
40473638
40474841
40480095
40482384
40494627
40504899
40506770
40507223
40508010
40513693
40514343
40515578
40516152
40516161
40518745
40527395
40527727
40528140
40529213
40532962
40533284
40533639
40537931
40539880
40541863
40542627
40545479
40548857
40552137
40554457
40554782
40554806
40562067
40563608
40563690
40580892
40583504
40586309
40591016
40591621
40598388
40604149
40606037
40607446
40609538
40609575
40609580
40610232
40613576
40613707
40614722
40614785
40616667
40616696
40618897
40622037
40622182
40622738
40624533
40624920
40626877
40627159
40629917
40634377
40635446
40641998
40644488
40644622
40644683
40645913
40651596
40653477
40657306
40663212
40664865
40665521
40670889
40676341
40678543
40679336
40682536
40682790
40687798
40693236
40694850
40695058
40695528
40696185
40702552
40705530
40710432
40712408
40712765
40713748
40714573
40716990
40719928
40723184
40723890
40727940
40731028
40739433
40741917
40743655
40744027
40744836
40746158
40747650
40748468
40749716
40749857
40749971
40753395
40754673
40756430
40762365
40762587
40766277
40768535
40768686
40774221
40777321
40779323
40783129
40788378
40790938
40792215
40792645
40795525
40796679
40812313
40813689
40815626
40816977
40818318
40824452
40834558
40834634
40838198
40839289
40844225
40845489
40846762
40848466
40849040
40849357
40853264
40853631
40856739
40859031
40860707
40863644
40871025
40875754
40876992
40877276
40877705
40879333
40882385
40885395
40886834
40891997
40894269
40894868
40897265
40902984
40903428
40903523
40906206
40907031
40907164
40912057
40913914
40920063
40920070
40920296
40921169
40927179
40930970
40932847
40934073
40934953
40938326
40940002
40940857
40945171
40945191
40945300
40945523
40946000
40954214
40956165
40961813
40968593
40968786
40971058
40971143
40972074
40973980
40976009
40977233
40979174
40980440
40980865
40985468
40985768
40985858
40986321
40986425
40986799
40991391
40991439
40992879
41001845
41002030
41004472
41004643
41005671
41014856
41014862
41016600
41022528
41023919
41027702
41027874
41029663
41032014
41033233
41033356
41035201
41036820
41037772
41038850
41039318
41039677
41039779
41040691
41044715
41045325
41046191
41049470
41057084
41057232
41059945
41060826
41061426
41061719
41061833
41062292
41062702
41062919
41065309
41068636
41069688
41072404
41073816
41076267
41078342
41080623
41081629
41084378
41086548
41092195
41099623
41102756
41102780
41105043
41105197
41106205
41106690
41108882
41109464
41111993
41113811
41115375
41117706
41124173
41128695
41128955
41129984
41132775
41134378
41138738
41138787
41141307
41146214
41149472
41151153
41158417
41160600
41161057
41161157
41162462
41164136
41166468
41167980
41168050
41168462
41168880
41172726
41174998
41181219
41181910
41183726
41187376
41187792
41188252
41190243
41191161
41191317
41193641
41197728
41198507
41203587
41204681
41206331
41207182
41207183
41209620
41212533
41213105
41213670
41216597
41219245
41223770
41232202
41234203
41235924
41236596
41237361
41238984
41240593
41241690
41241848
41245539
41248698
41249194
41252490
41253768
41255967
41257390
41264029
41266372
41269527
41269528
41270694
41270788
41270904
41276519
41276685
41284699
41285872
41286156
41289795
41293707
41299326
41307954
41308254
41308680
41313405
41313563
41313602
41314031
41317377
41318603
41319267
41321303
41324552
41325869
41326889
41330124
41330478
41330930
41338056
41338634
41343043
41344071
41347767
41349766
41350399
41351834
41352064
41352286
41353171
41353217
41353940
41354186
41356077
41357767
41358196
41359845
41363069
41364749
41364971
41366753
41368074
41370183
41370190
41380655
41381302
41385642
41385760
41385938
41388195
41388546
41391356
41392224
41398082
41399631
41399701
41406506
41406937
41407399
41407426
41411129
41411776
41412794
41413276
41418086
41418492
41418757
41419977
41421772
41421934
41422242
41422800
41432606
41436643
41437065
41437636
41438882
41444098
41444610
41444843
41445771
41445850
41449145
41449147
41449160
41451877
41453732
41456874
41460723
41463400
41464341
41468683
41469392
41475014
41475038
41475996
41481240
41481551
41482142
41483629
41484399
41491222
41492387
41495480
41501176
41501540
41503360
41505030
41506600
41507019
41507562
41508635
41511870
41512866
41513675
41513945
41514361
41519924
41520729
41521093
41524883
41525200
41525260
41525837
41526208
41527939
41527998
41529686
41530009
41530418
41533023
41533060
41534723
41535180
41540241
41543911
41545483
41546117
41546649
41546916
41548005
41548333
41549961
41550750
41552365
41554690
41555086
41556857
41557459
41557651
41561637
41561936
41564614
41565536
41571835
41572361
41573772
41575668
41578832
41579130
41580111
41580538
41580898
41581362
41583364
41586401
41591326
41591514
41592243
41607857
41610177
41610374
41613849
41621679
41623857
41624459
41629872
41631159
41631168
41633315
41634387
41636939
41637634
41640295
41642169
41644933
41645104
41645142
41646212
41647351
41647701
41647711
41647984
41648656
41650786
41651247
41652233
41653918
41654666
41655018
41655152
41655532
41661089
41662245
41662270
41662489
41662856
41664220
41667716
41677945
41679114
41679297
41681996
41685200
41685351
41686074
41689647
41689777
41689947
41690262
41690710
41702118
41702503
41712229
41723064
41723269
41724092
41724114
41724581
41725393
41727706
41730478
41730824
41732216
41736247
41743370
41747525
41748428
41750375
41756117
41759448
41760151
41760521
41760951
41764333
41765867
41771619
41776308
41777882
41779105
41779145
41781241
41784899
41785742
41793643
41797921
41797924
41798951
41799189
41801175
41801433
41801951
41805126
41806031
41806066
41806331
41808443
41811692
41814844
41817939
41819026
41827801
41830662
41831424
41832396
41838211
41839794
41849582
41850239
41850725
41851010
41851369
41853536
41853873
41856253
41864056
41866892
41869602
41873765
41876817
41877446
41881201
41881311
41881555
41882377
41887239
41888317
41888754
41893977
41897336
41903913
41905259
41905323
41905491
41915072
41915391
41915642
41917203
41920270
41921264
41922350
41925837
41928453
41930297
41930311
41932292
41933593
41935491
41936776
41939011
41942100
41944812
41946283
41949515
41950559
41955317
41955340
41955991
41961316
41966173
41966682
41967049
41967338
41967711
41968230
41969543
41970876
41971150
41971978
41974457
41974939
41975247
41979845
41981102
41982734
41984590
41984990
41985268
41986720
41988294
41988370
41990477
41991871
41991898
41996421
41996779
41997039
41997832
42000404
42004831
42005714
42005718
42009667
42012612
42016351
42018196
42018252
42019390
42019681
42024120
42024503
42025762
42028607
42037473
42038102
42043275
42047476
42049237
42053592
42057481
42060909
42061999
42063989
42064005
42066437
42070489
42072822
42081039
42082002
42084767
42086993
42090760
42091907
42095547
42099895
42103732
42107507
42108654
42114423
42114597
42118359
42118734
42119642
42119806
42125647
42126206
42126787
42128015
42131764
42134093
42134281
42134663
42140903
42143303
42149143
42150926
42154595
42156710
42163409
42166719
42172282
42173866
42175049
42175086
42190436
42191529
42202843
42203920
42207371
42208281
42208742
42209126
42213482
42214557
42217951
42226257
42242067
42242379
42243411
42244014
42244246
42247455
42249545
42254871
42257930
42263216
42263217
42268306
42273916
42284757
42286208
42288844
42290606
42291125
42294111
42298920
42301502
42302910
42308016
42308049
42309026
42309108
42309259
42309306
42310036
42312939
42313274
42318944
42320430
42322026
42322708
42323120
42324023
42327600
42329186
42335160
42336243
42337226
42340186
42342845
42347168
42349072
42349241
42352551
42359543
42361675
42372741
42372742
42372743
42372745
42373067
42374603
42377043
42377264
42377473
42378809
42379708
42380097
42381384
42384203
42389911
42390635
42392688
42392890
42399699
42400232
42402901
42406597
42409797
42413314
42417952
42419336
42420066
42420156
42424767
42425344
42426862
42431268
42433369
42436879
42440050
42447514
42449506
42453192
42454678
42455315
42456739
42464359
42467154
42469443
42470319
42471543
42474002
42474939
42474940
42479346
42481199
42482167
42482600
42485897
42486103
42494069
42497973
42498670
42503335
42508271
42508575
42509503
42519367
42520588
42523118
42523521
42526181
42528096
42530576
42531600
42533254
42536484
42536993
42542077
42546853
42547001
42550332
42552006
42556054
42556470
42556586
42556587
42560647
42560820
42561504
42561940
42566046
42566938
42567983
42570025
42570607
42571242
42571431
42572587
42578367
42579929
42579982
42580968
42581815
42582861
42583039
42587072
42594359
42598257
42604558
42605805
42607593
42607619
42614055
42614263
42617726
42618369
42621470
42624530
42627385
42627386
42628842
42633754
42636799
42637596
42637980
42641601
42649456
42649496
42660820
42661062
42667419
42667492
42668119
42684493
42693162
42693363
42695235
42699083
42701405
42702688
42704314
42705707
42706231
42710659
42713757
42715848
42716079
42716685
42721586
42721617
42725434
42727592
42727832
42728606
42731501
42731958
42733458
42733555
42738351
42740333
42740743
42744077
42747342
42748427
42748924
42748962
42751015
42752611
42754807
42755020
42758285
42758287
42759923
42760352
42760866
42762561
42764589
42766959
42767405
42773250
42777326
42778837
42780986
42782764
42787644
